{
 "cells": [
  {
   "cell_type": "code",
   "execution_count": 1,
   "metadata": {},
   "outputs": [],
   "source": [
    "import pandas as pd\n",
    "import seaborn as sns"
   ]
  },
  {
   "cell_type": "markdown",
   "metadata": {},
   "source": [
    "## Correlation analysis\n",
    "Correlation analysis is a statistical technique used to examine the strength and direction of the relationship between two or more variables. It involves analysing the degree to which changes in one variable are associated with changes in another variable.\n",
    "\n",
    "### Pandas .corr method\n",
    "Calculates the correlation coefficients between all paris of features in a dataframe, and returns a new dataframe where the number of rows and columns both match the number of columns in the input df."
   ]
  },
  {
   "cell_type": "code",
   "execution_count": 5,
   "metadata": {},
   "outputs": [
    {
     "data": {
      "text/html": [
       "<div>\n",
       "<style scoped>\n",
       "    .dataframe tbody tr th:only-of-type {\n",
       "        vertical-align: middle;\n",
       "    }\n",
       "\n",
       "    .dataframe tbody tr th {\n",
       "        vertical-align: top;\n",
       "    }\n",
       "\n",
       "    .dataframe thead th {\n",
       "        text-align: right;\n",
       "    }\n",
       "</style>\n",
       "<table border=\"1\" class=\"dataframe\">\n",
       "  <thead>\n",
       "    <tr style=\"text-align: right;\">\n",
       "      <th></th>\n",
       "      <th>survived</th>\n",
       "      <th>pclass</th>\n",
       "      <th>sex</th>\n",
       "      <th>age</th>\n",
       "      <th>sibsp</th>\n",
       "      <th>parch</th>\n",
       "      <th>fare</th>\n",
       "      <th>embarked</th>\n",
       "      <th>class</th>\n",
       "      <th>adult_male</th>\n",
       "      <th>deck</th>\n",
       "      <th>embark_town</th>\n",
       "      <th>alive</th>\n",
       "      <th>alone</th>\n",
       "      <th>who_child</th>\n",
       "      <th>who_man</th>\n",
       "      <th>who_woman</th>\n",
       "    </tr>\n",
       "  </thead>\n",
       "  <tbody>\n",
       "    <tr>\n",
       "      <th>survived</th>\n",
       "      <td>1.000000</td>\n",
       "      <td>0.338481</td>\n",
       "      <td>0.543351</td>\n",
       "      <td>0.077221</td>\n",
       "      <td>0.035322</td>\n",
       "      <td>0.081629</td>\n",
       "      <td>0.257307</td>\n",
       "      <td>0.108669</td>\n",
       "      <td>0.338481</td>\n",
       "      <td>0.557080</td>\n",
       "      <td>0.294804</td>\n",
       "      <td>0.163517</td>\n",
       "      <td>1.000000</td>\n",
       "      <td>0.203367</td>\n",
       "      <td>0.136107</td>\n",
       "      <td>0.557080</td>\n",
       "      <td>0.506562</td>\n",
       "    </tr>\n",
       "    <tr>\n",
       "      <th>pclass</th>\n",
       "      <td>0.338481</td>\n",
       "      <td>1.000000</td>\n",
       "      <td>0.131900</td>\n",
       "      <td>0.369226</td>\n",
       "      <td>0.083081</td>\n",
       "      <td>0.018443</td>\n",
       "      <td>0.549500</td>\n",
       "      <td>0.043835</td>\n",
       "      <td>1.000000</td>\n",
       "      <td>0.094035</td>\n",
       "      <td>0.743251</td>\n",
       "      <td>0.157112</td>\n",
       "      <td>0.338481</td>\n",
       "      <td>0.135207</td>\n",
       "      <td>0.121920</td>\n",
       "      <td>0.094035</td>\n",
       "      <td>0.177049</td>\n",
       "    </tr>\n",
       "    <tr>\n",
       "      <th>sex</th>\n",
       "      <td>0.543351</td>\n",
       "      <td>0.131900</td>\n",
       "      <td>1.000000</td>\n",
       "      <td>0.093254</td>\n",
       "      <td>0.114631</td>\n",
       "      <td>0.245489</td>\n",
       "      <td>0.182333</td>\n",
       "      <td>0.118593</td>\n",
       "      <td>0.131900</td>\n",
       "      <td>0.908578</td>\n",
       "      <td>0.118282</td>\n",
       "      <td>0.104057</td>\n",
       "      <td>0.543351</td>\n",
       "      <td>0.303646</td>\n",
       "      <td>0.111141</td>\n",
       "      <td>0.908578</td>\n",
       "      <td>0.896214</td>\n",
       "    </tr>\n",
       "    <tr>\n",
       "      <th>age</th>\n",
       "      <td>0.077221</td>\n",
       "      <td>0.369226</td>\n",
       "      <td>0.093254</td>\n",
       "      <td>1.000000</td>\n",
       "      <td>0.308247</td>\n",
       "      <td>0.189119</td>\n",
       "      <td>0.096067</td>\n",
       "      <td>0.012186</td>\n",
       "      <td>0.369226</td>\n",
       "      <td>0.280328</td>\n",
       "      <td>0.267987</td>\n",
       "      <td>0.025252</td>\n",
       "      <td>0.077221</td>\n",
       "      <td>0.198270</td>\n",
       "      <td>0.582875</td>\n",
       "      <td>0.280328</td>\n",
       "      <td>0.105081</td>\n",
       "    </tr>\n",
       "    <tr>\n",
       "      <th>sibsp</th>\n",
       "      <td>0.035322</td>\n",
       "      <td>0.083081</td>\n",
       "      <td>0.114631</td>\n",
       "      <td>0.308247</td>\n",
       "      <td>1.000000</td>\n",
       "      <td>0.414838</td>\n",
       "      <td>0.159651</td>\n",
       "      <td>0.060606</td>\n",
       "      <td>0.083081</td>\n",
       "      <td>0.253586</td>\n",
       "      <td>0.041333</td>\n",
       "      <td>0.066654</td>\n",
       "      <td>0.035322</td>\n",
       "      <td>0.584471</td>\n",
       "      <td>0.352437</td>\n",
       "      <td>0.253586</td>\n",
       "      <td>0.047071</td>\n",
       "    </tr>\n",
       "    <tr>\n",
       "      <th>parch</th>\n",
       "      <td>0.081629</td>\n",
       "      <td>0.018443</td>\n",
       "      <td>0.245489</td>\n",
       "      <td>0.189119</td>\n",
       "      <td>0.414838</td>\n",
       "      <td>1.000000</td>\n",
       "      <td>0.216225</td>\n",
       "      <td>0.079320</td>\n",
       "      <td>0.018443</td>\n",
       "      <td>0.349943</td>\n",
       "      <td>0.031308</td>\n",
       "      <td>0.038322</td>\n",
       "      <td>0.081629</td>\n",
       "      <td>0.583398</td>\n",
       "      <td>0.351481</td>\n",
       "      <td>0.349943</td>\n",
       "      <td>0.150167</td>\n",
       "    </tr>\n",
       "    <tr>\n",
       "      <th>fare</th>\n",
       "      <td>0.257307</td>\n",
       "      <td>0.549500</td>\n",
       "      <td>0.182333</td>\n",
       "      <td>0.096067</td>\n",
       "      <td>0.159651</td>\n",
       "      <td>0.216225</td>\n",
       "      <td>1.000000</td>\n",
       "      <td>0.063462</td>\n",
       "      <td>0.549500</td>\n",
       "      <td>0.182024</td>\n",
       "      <td>0.525994</td>\n",
       "      <td>0.221226</td>\n",
       "      <td>0.257307</td>\n",
       "      <td>0.271832</td>\n",
       "      <td>0.003753</td>\n",
       "      <td>0.182024</td>\n",
       "      <td>0.191243</td>\n",
       "    </tr>\n",
       "    <tr>\n",
       "      <th>embarked</th>\n",
       "      <td>0.108669</td>\n",
       "      <td>0.043835</td>\n",
       "      <td>0.118593</td>\n",
       "      <td>0.012186</td>\n",
       "      <td>0.060606</td>\n",
       "      <td>0.079320</td>\n",
       "      <td>0.063462</td>\n",
       "      <td>1.000000</td>\n",
       "      <td>0.043835</td>\n",
       "      <td>0.110351</td>\n",
       "      <td>0.042195</td>\n",
       "      <td>0.760766</td>\n",
       "      <td>0.108669</td>\n",
       "      <td>0.018867</td>\n",
       "      <td>0.012545</td>\n",
       "      <td>0.110351</td>\n",
       "      <td>0.125425</td>\n",
       "    </tr>\n",
       "    <tr>\n",
       "      <th>class</th>\n",
       "      <td>0.338481</td>\n",
       "      <td>1.000000</td>\n",
       "      <td>0.131900</td>\n",
       "      <td>0.369226</td>\n",
       "      <td>0.083081</td>\n",
       "      <td>0.018443</td>\n",
       "      <td>0.549500</td>\n",
       "      <td>0.043835</td>\n",
       "      <td>1.000000</td>\n",
       "      <td>0.094035</td>\n",
       "      <td>0.743251</td>\n",
       "      <td>0.157112</td>\n",
       "      <td>0.338481</td>\n",
       "      <td>0.135207</td>\n",
       "      <td>0.121920</td>\n",
       "      <td>0.094035</td>\n",
       "      <td>0.177049</td>\n",
       "    </tr>\n",
       "    <tr>\n",
       "      <th>adult_male</th>\n",
       "      <td>0.557080</td>\n",
       "      <td>0.094035</td>\n",
       "      <td>0.908578</td>\n",
       "      <td>0.280328</td>\n",
       "      <td>0.253586</td>\n",
       "      <td>0.349943</td>\n",
       "      <td>0.182024</td>\n",
       "      <td>0.110351</td>\n",
       "      <td>0.094035</td>\n",
       "      <td>1.000000</td>\n",
       "      <td>0.098553</td>\n",
       "      <td>0.088725</td>\n",
       "      <td>0.557080</td>\n",
       "      <td>0.404744</td>\n",
       "      <td>0.394747</td>\n",
       "      <td>1.000000</td>\n",
       "      <td>0.814281</td>\n",
       "    </tr>\n",
       "    <tr>\n",
       "      <th>deck</th>\n",
       "      <td>0.294804</td>\n",
       "      <td>0.743251</td>\n",
       "      <td>0.118282</td>\n",
       "      <td>0.267987</td>\n",
       "      <td>0.041333</td>\n",
       "      <td>0.031308</td>\n",
       "      <td>0.525994</td>\n",
       "      <td>0.042195</td>\n",
       "      <td>0.743251</td>\n",
       "      <td>0.098553</td>\n",
       "      <td>1.000000</td>\n",
       "      <td>0.191735</td>\n",
       "      <td>0.294804</td>\n",
       "      <td>0.137515</td>\n",
       "      <td>0.074152</td>\n",
       "      <td>0.098553</td>\n",
       "      <td>0.151676</td>\n",
       "    </tr>\n",
       "    <tr>\n",
       "      <th>embark_town</th>\n",
       "      <td>0.163517</td>\n",
       "      <td>0.157112</td>\n",
       "      <td>0.104057</td>\n",
       "      <td>0.025252</td>\n",
       "      <td>0.066654</td>\n",
       "      <td>0.038322</td>\n",
       "      <td>0.221226</td>\n",
       "      <td>0.760766</td>\n",
       "      <td>0.157112</td>\n",
       "      <td>0.088725</td>\n",
       "      <td>0.191735</td>\n",
       "      <td>1.000000</td>\n",
       "      <td>0.163517</td>\n",
       "      <td>0.065610</td>\n",
       "      <td>0.013202</td>\n",
       "      <td>0.088725</td>\n",
       "      <td>0.086034</td>\n",
       "    </tr>\n",
       "    <tr>\n",
       "      <th>alive</th>\n",
       "      <td>1.000000</td>\n",
       "      <td>0.338481</td>\n",
       "      <td>0.543351</td>\n",
       "      <td>0.077221</td>\n",
       "      <td>0.035322</td>\n",
       "      <td>0.081629</td>\n",
       "      <td>0.257307</td>\n",
       "      <td>0.108669</td>\n",
       "      <td>0.338481</td>\n",
       "      <td>0.557080</td>\n",
       "      <td>0.294804</td>\n",
       "      <td>0.163517</td>\n",
       "      <td>1.000000</td>\n",
       "      <td>0.203367</td>\n",
       "      <td>0.136107</td>\n",
       "      <td>0.557080</td>\n",
       "      <td>0.506562</td>\n",
       "    </tr>\n",
       "    <tr>\n",
       "      <th>alone</th>\n",
       "      <td>0.203367</td>\n",
       "      <td>0.135207</td>\n",
       "      <td>0.303646</td>\n",
       "      <td>0.198270</td>\n",
       "      <td>0.584471</td>\n",
       "      <td>0.583398</td>\n",
       "      <td>0.271832</td>\n",
       "      <td>0.018867</td>\n",
       "      <td>0.135207</td>\n",
       "      <td>0.404744</td>\n",
       "      <td>0.137515</td>\n",
       "      <td>0.065610</td>\n",
       "      <td>0.203367</td>\n",
       "      <td>1.000000</td>\n",
       "      <td>0.347400</td>\n",
       "      <td>0.404744</td>\n",
       "      <td>0.211036</td>\n",
       "    </tr>\n",
       "    <tr>\n",
       "      <th>who_child</th>\n",
       "      <td>0.136107</td>\n",
       "      <td>0.121920</td>\n",
       "      <td>0.111141</td>\n",
       "      <td>0.582875</td>\n",
       "      <td>0.352437</td>\n",
       "      <td>0.351481</td>\n",
       "      <td>0.003753</td>\n",
       "      <td>0.012545</td>\n",
       "      <td>0.121920</td>\n",
       "      <td>0.394747</td>\n",
       "      <td>0.074152</td>\n",
       "      <td>0.013202</td>\n",
       "      <td>0.136107</td>\n",
       "      <td>0.347400</td>\n",
       "      <td>1.000000</td>\n",
       "      <td>0.394747</td>\n",
       "      <td>0.211896</td>\n",
       "    </tr>\n",
       "    <tr>\n",
       "      <th>who_man</th>\n",
       "      <td>0.557080</td>\n",
       "      <td>0.094035</td>\n",
       "      <td>0.908578</td>\n",
       "      <td>0.280328</td>\n",
       "      <td>0.253586</td>\n",
       "      <td>0.349943</td>\n",
       "      <td>0.182024</td>\n",
       "      <td>0.110351</td>\n",
       "      <td>0.094035</td>\n",
       "      <td>1.000000</td>\n",
       "      <td>0.098553</td>\n",
       "      <td>0.088725</td>\n",
       "      <td>0.557080</td>\n",
       "      <td>0.404744</td>\n",
       "      <td>0.394747</td>\n",
       "      <td>1.000000</td>\n",
       "      <td>0.814281</td>\n",
       "    </tr>\n",
       "    <tr>\n",
       "      <th>who_woman</th>\n",
       "      <td>0.506562</td>\n",
       "      <td>0.177049</td>\n",
       "      <td>0.896214</td>\n",
       "      <td>0.105081</td>\n",
       "      <td>0.047071</td>\n",
       "      <td>0.150167</td>\n",
       "      <td>0.191243</td>\n",
       "      <td>0.125425</td>\n",
       "      <td>0.177049</td>\n",
       "      <td>0.814281</td>\n",
       "      <td>0.151676</td>\n",
       "      <td>0.086034</td>\n",
       "      <td>0.506562</td>\n",
       "      <td>0.211036</td>\n",
       "      <td>0.211896</td>\n",
       "      <td>0.814281</td>\n",
       "      <td>1.000000</td>\n",
       "    </tr>\n",
       "  </tbody>\n",
       "</table>\n",
       "</div>"
      ],
      "text/plain": [
       "             survived    pclass       sex       age     sibsp     parch  \\\n",
       "survived     1.000000  0.338481  0.543351  0.077221  0.035322  0.081629   \n",
       "pclass       0.338481  1.000000  0.131900  0.369226  0.083081  0.018443   \n",
       "sex          0.543351  0.131900  1.000000  0.093254  0.114631  0.245489   \n",
       "age          0.077221  0.369226  0.093254  1.000000  0.308247  0.189119   \n",
       "sibsp        0.035322  0.083081  0.114631  0.308247  1.000000  0.414838   \n",
       "parch        0.081629  0.018443  0.245489  0.189119  0.414838  1.000000   \n",
       "fare         0.257307  0.549500  0.182333  0.096067  0.159651  0.216225   \n",
       "embarked     0.108669  0.043835  0.118593  0.012186  0.060606  0.079320   \n",
       "class        0.338481  1.000000  0.131900  0.369226  0.083081  0.018443   \n",
       "adult_male   0.557080  0.094035  0.908578  0.280328  0.253586  0.349943   \n",
       "deck         0.294804  0.743251  0.118282  0.267987  0.041333  0.031308   \n",
       "embark_town  0.163517  0.157112  0.104057  0.025252  0.066654  0.038322   \n",
       "alive        1.000000  0.338481  0.543351  0.077221  0.035322  0.081629   \n",
       "alone        0.203367  0.135207  0.303646  0.198270  0.584471  0.583398   \n",
       "who_child    0.136107  0.121920  0.111141  0.582875  0.352437  0.351481   \n",
       "who_man      0.557080  0.094035  0.908578  0.280328  0.253586  0.349943   \n",
       "who_woman    0.506562  0.177049  0.896214  0.105081  0.047071  0.150167   \n",
       "\n",
       "                 fare  embarked     class  adult_male      deck  embark_town  \\\n",
       "survived     0.257307  0.108669  0.338481    0.557080  0.294804     0.163517   \n",
       "pclass       0.549500  0.043835  1.000000    0.094035  0.743251     0.157112   \n",
       "sex          0.182333  0.118593  0.131900    0.908578  0.118282     0.104057   \n",
       "age          0.096067  0.012186  0.369226    0.280328  0.267987     0.025252   \n",
       "sibsp        0.159651  0.060606  0.083081    0.253586  0.041333     0.066654   \n",
       "parch        0.216225  0.079320  0.018443    0.349943  0.031308     0.038322   \n",
       "fare         1.000000  0.063462  0.549500    0.182024  0.525994     0.221226   \n",
       "embarked     0.063462  1.000000  0.043835    0.110351  0.042195     0.760766   \n",
       "class        0.549500  0.043835  1.000000    0.094035  0.743251     0.157112   \n",
       "adult_male   0.182024  0.110351  0.094035    1.000000  0.098553     0.088725   \n",
       "deck         0.525994  0.042195  0.743251    0.098553  1.000000     0.191735   \n",
       "embark_town  0.221226  0.760766  0.157112    0.088725  0.191735     1.000000   \n",
       "alive        0.257307  0.108669  0.338481    0.557080  0.294804     0.163517   \n",
       "alone        0.271832  0.018867  0.135207    0.404744  0.137515     0.065610   \n",
       "who_child    0.003753  0.012545  0.121920    0.394747  0.074152     0.013202   \n",
       "who_man      0.182024  0.110351  0.094035    1.000000  0.098553     0.088725   \n",
       "who_woman    0.191243  0.125425  0.177049    0.814281  0.151676     0.086034   \n",
       "\n",
       "                alive     alone  who_child   who_man  who_woman  \n",
       "survived     1.000000  0.203367   0.136107  0.557080   0.506562  \n",
       "pclass       0.338481  0.135207   0.121920  0.094035   0.177049  \n",
       "sex          0.543351  0.303646   0.111141  0.908578   0.896214  \n",
       "age          0.077221  0.198270   0.582875  0.280328   0.105081  \n",
       "sibsp        0.035322  0.584471   0.352437  0.253586   0.047071  \n",
       "parch        0.081629  0.583398   0.351481  0.349943   0.150167  \n",
       "fare         0.257307  0.271832   0.003753  0.182024   0.191243  \n",
       "embarked     0.108669  0.018867   0.012545  0.110351   0.125425  \n",
       "class        0.338481  0.135207   0.121920  0.094035   0.177049  \n",
       "adult_male   0.557080  0.404744   0.394747  1.000000   0.814281  \n",
       "deck         0.294804  0.137515   0.074152  0.098553   0.151676  \n",
       "embark_town  0.163517  0.065610   0.013202  0.088725   0.086034  \n",
       "alive        1.000000  0.203367   0.136107  0.557080   0.506562  \n",
       "alone        0.203367  1.000000   0.347400  0.404744   0.211036  \n",
       "who_child    0.136107  0.347400   1.000000  0.394747   0.211896  \n",
       "who_man      0.557080  0.404744   0.394747  1.000000   0.814281  \n",
       "who_woman    0.506562  0.211036   0.211896  0.814281   1.000000  "
      ]
     },
     "execution_count": 5,
     "metadata": {},
     "output_type": "execute_result"
    }
   ],
   "source": [
    "# Import the cleaned encoded data from the previous Code-Along.  \n",
    "titanic = pd.read_json(\"../Data/titanic_encoded.json\")\n",
    "correlation_matrix = titanic.corr().abs()\n",
    "correlation_matrix "
   ]
  },
  {
   "cell_type": "code",
   "execution_count": 8,
   "metadata": {},
   "outputs": [],
   "source": [
    "# Setting correlation threshold. Anything above this is considered as highly correlated.\n",
    "threshold = 0.85"
   ]
  },
  {
   "cell_type": "code",
   "execution_count": 9,
   "metadata": {},
   "outputs": [
    {
     "data": {
      "text/html": [
       "<div>\n",
       "<style scoped>\n",
       "    .dataframe tbody tr th:only-of-type {\n",
       "        vertical-align: middle;\n",
       "    }\n",
       "\n",
       "    .dataframe tbody tr th {\n",
       "        vertical-align: top;\n",
       "    }\n",
       "\n",
       "    .dataframe thead th {\n",
       "        text-align: right;\n",
       "    }\n",
       "</style>\n",
       "<table border=\"1\" class=\"dataframe\">\n",
       "  <thead>\n",
       "    <tr style=\"text-align: right;\">\n",
       "      <th></th>\n",
       "      <th>survived</th>\n",
       "      <th>pclass</th>\n",
       "      <th>sex</th>\n",
       "      <th>age</th>\n",
       "      <th>sibsp</th>\n",
       "      <th>parch</th>\n",
       "      <th>fare</th>\n",
       "      <th>embarked</th>\n",
       "      <th>class</th>\n",
       "      <th>adult_male</th>\n",
       "      <th>deck</th>\n",
       "      <th>embark_town</th>\n",
       "      <th>alive</th>\n",
       "      <th>alone</th>\n",
       "      <th>who_child</th>\n",
       "      <th>who_man</th>\n",
       "      <th>who_woman</th>\n",
       "    </tr>\n",
       "  </thead>\n",
       "  <tbody>\n",
       "    <tr>\n",
       "      <th>survived</th>\n",
       "      <td>NaN</td>\n",
       "      <td>0.338481</td>\n",
       "      <td>0.543351</td>\n",
       "      <td>0.077221</td>\n",
       "      <td>0.035322</td>\n",
       "      <td>0.081629</td>\n",
       "      <td>0.257307</td>\n",
       "      <td>0.108669</td>\n",
       "      <td>0.338481</td>\n",
       "      <td>0.557080</td>\n",
       "      <td>0.294804</td>\n",
       "      <td>0.163517</td>\n",
       "      <td>1.000000</td>\n",
       "      <td>0.203367</td>\n",
       "      <td>0.136107</td>\n",
       "      <td>0.557080</td>\n",
       "      <td>0.506562</td>\n",
       "    </tr>\n",
       "    <tr>\n",
       "      <th>pclass</th>\n",
       "      <td>NaN</td>\n",
       "      <td>NaN</td>\n",
       "      <td>0.131900</td>\n",
       "      <td>0.369226</td>\n",
       "      <td>0.083081</td>\n",
       "      <td>0.018443</td>\n",
       "      <td>0.549500</td>\n",
       "      <td>0.043835</td>\n",
       "      <td>1.000000</td>\n",
       "      <td>0.094035</td>\n",
       "      <td>0.743251</td>\n",
       "      <td>0.157112</td>\n",
       "      <td>0.338481</td>\n",
       "      <td>0.135207</td>\n",
       "      <td>0.121920</td>\n",
       "      <td>0.094035</td>\n",
       "      <td>0.177049</td>\n",
       "    </tr>\n",
       "    <tr>\n",
       "      <th>sex</th>\n",
       "      <td>NaN</td>\n",
       "      <td>NaN</td>\n",
       "      <td>NaN</td>\n",
       "      <td>0.093254</td>\n",
       "      <td>0.114631</td>\n",
       "      <td>0.245489</td>\n",
       "      <td>0.182333</td>\n",
       "      <td>0.118593</td>\n",
       "      <td>0.131900</td>\n",
       "      <td>0.908578</td>\n",
       "      <td>0.118282</td>\n",
       "      <td>0.104057</td>\n",
       "      <td>0.543351</td>\n",
       "      <td>0.303646</td>\n",
       "      <td>0.111141</td>\n",
       "      <td>0.908578</td>\n",
       "      <td>0.896214</td>\n",
       "    </tr>\n",
       "    <tr>\n",
       "      <th>age</th>\n",
       "      <td>NaN</td>\n",
       "      <td>NaN</td>\n",
       "      <td>NaN</td>\n",
       "      <td>NaN</td>\n",
       "      <td>0.308247</td>\n",
       "      <td>0.189119</td>\n",
       "      <td>0.096067</td>\n",
       "      <td>0.012186</td>\n",
       "      <td>0.369226</td>\n",
       "      <td>0.280328</td>\n",
       "      <td>0.267987</td>\n",
       "      <td>0.025252</td>\n",
       "      <td>0.077221</td>\n",
       "      <td>0.198270</td>\n",
       "      <td>0.582875</td>\n",
       "      <td>0.280328</td>\n",
       "      <td>0.105081</td>\n",
       "    </tr>\n",
       "    <tr>\n",
       "      <th>sibsp</th>\n",
       "      <td>NaN</td>\n",
       "      <td>NaN</td>\n",
       "      <td>NaN</td>\n",
       "      <td>NaN</td>\n",
       "      <td>NaN</td>\n",
       "      <td>0.414838</td>\n",
       "      <td>0.159651</td>\n",
       "      <td>0.060606</td>\n",
       "      <td>0.083081</td>\n",
       "      <td>0.253586</td>\n",
       "      <td>0.041333</td>\n",
       "      <td>0.066654</td>\n",
       "      <td>0.035322</td>\n",
       "      <td>0.584471</td>\n",
       "      <td>0.352437</td>\n",
       "      <td>0.253586</td>\n",
       "      <td>0.047071</td>\n",
       "    </tr>\n",
       "    <tr>\n",
       "      <th>parch</th>\n",
       "      <td>NaN</td>\n",
       "      <td>NaN</td>\n",
       "      <td>NaN</td>\n",
       "      <td>NaN</td>\n",
       "      <td>NaN</td>\n",
       "      <td>NaN</td>\n",
       "      <td>0.216225</td>\n",
       "      <td>0.079320</td>\n",
       "      <td>0.018443</td>\n",
       "      <td>0.349943</td>\n",
       "      <td>0.031308</td>\n",
       "      <td>0.038322</td>\n",
       "      <td>0.081629</td>\n",
       "      <td>0.583398</td>\n",
       "      <td>0.351481</td>\n",
       "      <td>0.349943</td>\n",
       "      <td>0.150167</td>\n",
       "    </tr>\n",
       "    <tr>\n",
       "      <th>fare</th>\n",
       "      <td>NaN</td>\n",
       "      <td>NaN</td>\n",
       "      <td>NaN</td>\n",
       "      <td>NaN</td>\n",
       "      <td>NaN</td>\n",
       "      <td>NaN</td>\n",
       "      <td>NaN</td>\n",
       "      <td>0.063462</td>\n",
       "      <td>0.549500</td>\n",
       "      <td>0.182024</td>\n",
       "      <td>0.525994</td>\n",
       "      <td>0.221226</td>\n",
       "      <td>0.257307</td>\n",
       "      <td>0.271832</td>\n",
       "      <td>0.003753</td>\n",
       "      <td>0.182024</td>\n",
       "      <td>0.191243</td>\n",
       "    </tr>\n",
       "    <tr>\n",
       "      <th>embarked</th>\n",
       "      <td>NaN</td>\n",
       "      <td>NaN</td>\n",
       "      <td>NaN</td>\n",
       "      <td>NaN</td>\n",
       "      <td>NaN</td>\n",
       "      <td>NaN</td>\n",
       "      <td>NaN</td>\n",
       "      <td>NaN</td>\n",
       "      <td>0.043835</td>\n",
       "      <td>0.110351</td>\n",
       "      <td>0.042195</td>\n",
       "      <td>0.760766</td>\n",
       "      <td>0.108669</td>\n",
       "      <td>0.018867</td>\n",
       "      <td>0.012545</td>\n",
       "      <td>0.110351</td>\n",
       "      <td>0.125425</td>\n",
       "    </tr>\n",
       "    <tr>\n",
       "      <th>class</th>\n",
       "      <td>NaN</td>\n",
       "      <td>NaN</td>\n",
       "      <td>NaN</td>\n",
       "      <td>NaN</td>\n",
       "      <td>NaN</td>\n",
       "      <td>NaN</td>\n",
       "      <td>NaN</td>\n",
       "      <td>NaN</td>\n",
       "      <td>NaN</td>\n",
       "      <td>0.094035</td>\n",
       "      <td>0.743251</td>\n",
       "      <td>0.157112</td>\n",
       "      <td>0.338481</td>\n",
       "      <td>0.135207</td>\n",
       "      <td>0.121920</td>\n",
       "      <td>0.094035</td>\n",
       "      <td>0.177049</td>\n",
       "    </tr>\n",
       "    <tr>\n",
       "      <th>adult_male</th>\n",
       "      <td>NaN</td>\n",
       "      <td>NaN</td>\n",
       "      <td>NaN</td>\n",
       "      <td>NaN</td>\n",
       "      <td>NaN</td>\n",
       "      <td>NaN</td>\n",
       "      <td>NaN</td>\n",
       "      <td>NaN</td>\n",
       "      <td>NaN</td>\n",
       "      <td>NaN</td>\n",
       "      <td>0.098553</td>\n",
       "      <td>0.088725</td>\n",
       "      <td>0.557080</td>\n",
       "      <td>0.404744</td>\n",
       "      <td>0.394747</td>\n",
       "      <td>1.000000</td>\n",
       "      <td>0.814281</td>\n",
       "    </tr>\n",
       "    <tr>\n",
       "      <th>deck</th>\n",
       "      <td>NaN</td>\n",
       "      <td>NaN</td>\n",
       "      <td>NaN</td>\n",
       "      <td>NaN</td>\n",
       "      <td>NaN</td>\n",
       "      <td>NaN</td>\n",
       "      <td>NaN</td>\n",
       "      <td>NaN</td>\n",
       "      <td>NaN</td>\n",
       "      <td>NaN</td>\n",
       "      <td>NaN</td>\n",
       "      <td>0.191735</td>\n",
       "      <td>0.294804</td>\n",
       "      <td>0.137515</td>\n",
       "      <td>0.074152</td>\n",
       "      <td>0.098553</td>\n",
       "      <td>0.151676</td>\n",
       "    </tr>\n",
       "    <tr>\n",
       "      <th>embark_town</th>\n",
       "      <td>NaN</td>\n",
       "      <td>NaN</td>\n",
       "      <td>NaN</td>\n",
       "      <td>NaN</td>\n",
       "      <td>NaN</td>\n",
       "      <td>NaN</td>\n",
       "      <td>NaN</td>\n",
       "      <td>NaN</td>\n",
       "      <td>NaN</td>\n",
       "      <td>NaN</td>\n",
       "      <td>NaN</td>\n",
       "      <td>NaN</td>\n",
       "      <td>0.163517</td>\n",
       "      <td>0.065610</td>\n",
       "      <td>0.013202</td>\n",
       "      <td>0.088725</td>\n",
       "      <td>0.086034</td>\n",
       "    </tr>\n",
       "    <tr>\n",
       "      <th>alive</th>\n",
       "      <td>NaN</td>\n",
       "      <td>NaN</td>\n",
       "      <td>NaN</td>\n",
       "      <td>NaN</td>\n",
       "      <td>NaN</td>\n",
       "      <td>NaN</td>\n",
       "      <td>NaN</td>\n",
       "      <td>NaN</td>\n",
       "      <td>NaN</td>\n",
       "      <td>NaN</td>\n",
       "      <td>NaN</td>\n",
       "      <td>NaN</td>\n",
       "      <td>NaN</td>\n",
       "      <td>0.203367</td>\n",
       "      <td>0.136107</td>\n",
       "      <td>0.557080</td>\n",
       "      <td>0.506562</td>\n",
       "    </tr>\n",
       "    <tr>\n",
       "      <th>alone</th>\n",
       "      <td>NaN</td>\n",
       "      <td>NaN</td>\n",
       "      <td>NaN</td>\n",
       "      <td>NaN</td>\n",
       "      <td>NaN</td>\n",
       "      <td>NaN</td>\n",
       "      <td>NaN</td>\n",
       "      <td>NaN</td>\n",
       "      <td>NaN</td>\n",
       "      <td>NaN</td>\n",
       "      <td>NaN</td>\n",
       "      <td>NaN</td>\n",
       "      <td>NaN</td>\n",
       "      <td>NaN</td>\n",
       "      <td>0.347400</td>\n",
       "      <td>0.404744</td>\n",
       "      <td>0.211036</td>\n",
       "    </tr>\n",
       "    <tr>\n",
       "      <th>who_child</th>\n",
       "      <td>NaN</td>\n",
       "      <td>NaN</td>\n",
       "      <td>NaN</td>\n",
       "      <td>NaN</td>\n",
       "      <td>NaN</td>\n",
       "      <td>NaN</td>\n",
       "      <td>NaN</td>\n",
       "      <td>NaN</td>\n",
       "      <td>NaN</td>\n",
       "      <td>NaN</td>\n",
       "      <td>NaN</td>\n",
       "      <td>NaN</td>\n",
       "      <td>NaN</td>\n",
       "      <td>NaN</td>\n",
       "      <td>NaN</td>\n",
       "      <td>0.394747</td>\n",
       "      <td>0.211896</td>\n",
       "    </tr>\n",
       "    <tr>\n",
       "      <th>who_man</th>\n",
       "      <td>NaN</td>\n",
       "      <td>NaN</td>\n",
       "      <td>NaN</td>\n",
       "      <td>NaN</td>\n",
       "      <td>NaN</td>\n",
       "      <td>NaN</td>\n",
       "      <td>NaN</td>\n",
       "      <td>NaN</td>\n",
       "      <td>NaN</td>\n",
       "      <td>NaN</td>\n",
       "      <td>NaN</td>\n",
       "      <td>NaN</td>\n",
       "      <td>NaN</td>\n",
       "      <td>NaN</td>\n",
       "      <td>NaN</td>\n",
       "      <td>NaN</td>\n",
       "      <td>0.814281</td>\n",
       "    </tr>\n",
       "    <tr>\n",
       "      <th>who_woman</th>\n",
       "      <td>NaN</td>\n",
       "      <td>NaN</td>\n",
       "      <td>NaN</td>\n",
       "      <td>NaN</td>\n",
       "      <td>NaN</td>\n",
       "      <td>NaN</td>\n",
       "      <td>NaN</td>\n",
       "      <td>NaN</td>\n",
       "      <td>NaN</td>\n",
       "      <td>NaN</td>\n",
       "      <td>NaN</td>\n",
       "      <td>NaN</td>\n",
       "      <td>NaN</td>\n",
       "      <td>NaN</td>\n",
       "      <td>NaN</td>\n",
       "      <td>NaN</td>\n",
       "      <td>NaN</td>\n",
       "    </tr>\n",
       "  </tbody>\n",
       "</table>\n",
       "</div>"
      ],
      "text/plain": [
       "             survived    pclass       sex       age     sibsp     parch  \\\n",
       "survived          NaN  0.338481  0.543351  0.077221  0.035322  0.081629   \n",
       "pclass            NaN       NaN  0.131900  0.369226  0.083081  0.018443   \n",
       "sex               NaN       NaN       NaN  0.093254  0.114631  0.245489   \n",
       "age               NaN       NaN       NaN       NaN  0.308247  0.189119   \n",
       "sibsp             NaN       NaN       NaN       NaN       NaN  0.414838   \n",
       "parch             NaN       NaN       NaN       NaN       NaN       NaN   \n",
       "fare              NaN       NaN       NaN       NaN       NaN       NaN   \n",
       "embarked          NaN       NaN       NaN       NaN       NaN       NaN   \n",
       "class             NaN       NaN       NaN       NaN       NaN       NaN   \n",
       "adult_male        NaN       NaN       NaN       NaN       NaN       NaN   \n",
       "deck              NaN       NaN       NaN       NaN       NaN       NaN   \n",
       "embark_town       NaN       NaN       NaN       NaN       NaN       NaN   \n",
       "alive             NaN       NaN       NaN       NaN       NaN       NaN   \n",
       "alone             NaN       NaN       NaN       NaN       NaN       NaN   \n",
       "who_child         NaN       NaN       NaN       NaN       NaN       NaN   \n",
       "who_man           NaN       NaN       NaN       NaN       NaN       NaN   \n",
       "who_woman         NaN       NaN       NaN       NaN       NaN       NaN   \n",
       "\n",
       "                 fare  embarked     class  adult_male      deck  embark_town  \\\n",
       "survived     0.257307  0.108669  0.338481    0.557080  0.294804     0.163517   \n",
       "pclass       0.549500  0.043835  1.000000    0.094035  0.743251     0.157112   \n",
       "sex          0.182333  0.118593  0.131900    0.908578  0.118282     0.104057   \n",
       "age          0.096067  0.012186  0.369226    0.280328  0.267987     0.025252   \n",
       "sibsp        0.159651  0.060606  0.083081    0.253586  0.041333     0.066654   \n",
       "parch        0.216225  0.079320  0.018443    0.349943  0.031308     0.038322   \n",
       "fare              NaN  0.063462  0.549500    0.182024  0.525994     0.221226   \n",
       "embarked          NaN       NaN  0.043835    0.110351  0.042195     0.760766   \n",
       "class             NaN       NaN       NaN    0.094035  0.743251     0.157112   \n",
       "adult_male        NaN       NaN       NaN         NaN  0.098553     0.088725   \n",
       "deck              NaN       NaN       NaN         NaN       NaN     0.191735   \n",
       "embark_town       NaN       NaN       NaN         NaN       NaN          NaN   \n",
       "alive             NaN       NaN       NaN         NaN       NaN          NaN   \n",
       "alone             NaN       NaN       NaN         NaN       NaN          NaN   \n",
       "who_child         NaN       NaN       NaN         NaN       NaN          NaN   \n",
       "who_man           NaN       NaN       NaN         NaN       NaN          NaN   \n",
       "who_woman         NaN       NaN       NaN         NaN       NaN          NaN   \n",
       "\n",
       "                alive     alone  who_child   who_man  who_woman  \n",
       "survived     1.000000  0.203367   0.136107  0.557080   0.506562  \n",
       "pclass       0.338481  0.135207   0.121920  0.094035   0.177049  \n",
       "sex          0.543351  0.303646   0.111141  0.908578   0.896214  \n",
       "age          0.077221  0.198270   0.582875  0.280328   0.105081  \n",
       "sibsp        0.035322  0.584471   0.352437  0.253586   0.047071  \n",
       "parch        0.081629  0.583398   0.351481  0.349943   0.150167  \n",
       "fare         0.257307  0.271832   0.003753  0.182024   0.191243  \n",
       "embarked     0.108669  0.018867   0.012545  0.110351   0.125425  \n",
       "class        0.338481  0.135207   0.121920  0.094035   0.177049  \n",
       "adult_male   0.557080  0.404744   0.394747  1.000000   0.814281  \n",
       "deck         0.294804  0.137515   0.074152  0.098553   0.151676  \n",
       "embark_town  0.163517  0.065610   0.013202  0.088725   0.086034  \n",
       "alive             NaN  0.203367   0.136107  0.557080   0.506562  \n",
       "alone             NaN       NaN   0.347400  0.404744   0.211036  \n",
       "who_child         NaN       NaN        NaN  0.394747   0.211896  \n",
       "who_man           NaN       NaN        NaN       NaN   0.814281  \n",
       "who_woman         NaN       NaN        NaN       NaN        NaN  "
      ]
     },
     "execution_count": 9,
     "metadata": {},
     "output_type": "execute_result"
    }
   ],
   "source": [
    "# To find which columns we can remove as they are superflous\n",
    "import numpy as np\n",
    "\n",
    "upper = correlation_matrix.where(np.triu(np.ones(correlation_matrix.shape), k=1).astype(bool))\n",
    "upper.style.map(lambda x: \"font-weight: bold\" if x > threshold else \"\")\n",
    "upper\n",
    "# This did not work as expected (bold)"
   ]
  },
  {
   "cell_type": "code",
   "execution_count": 14,
   "metadata": {},
   "outputs": [
    {
     "name": "stdout",
     "output_type": "stream",
     "text": [
      "survived: pclass: sex: age: sibsp: parch: fare: embarked: class: adult_male: deck: embark_town: alive: alone: who_child: who_man: who_woman: "
     ]
    },
    {
     "data": {
      "text/plain": [
       "['class', 'adult_male', 'alive', 'who_man', 'who_woman']"
      ]
     },
     "execution_count": 14,
     "metadata": {},
     "output_type": "execute_result"
    }
   ],
   "source": [
    "columns_to_drop = []\n",
    "\n",
    "for i in range(len(correlation_matrix.columns)):\n",
    "    column_name = correlation_matrix.columns[i]\n",
    "    # print(column_name, end=\": \")\n",
    "    for j in range(i):\n",
    "        # print(correlation_matrix.iloc[i,j], end=\", \")\n",
    "        if correlation_matrix.iloc[i,j] > threshold:\n",
    "            columns_to_drop.append(column_name)\n",
    "            break\n",
    "    # print()\n",
    "columns_to_drop"
   ]
  },
  {
   "cell_type": "code",
   "execution_count": 15,
   "metadata": {},
   "outputs": [
    {
     "data": {
      "text/html": [
       "<div>\n",
       "<style scoped>\n",
       "    .dataframe tbody tr th:only-of-type {\n",
       "        vertical-align: middle;\n",
       "    }\n",
       "\n",
       "    .dataframe tbody tr th {\n",
       "        vertical-align: top;\n",
       "    }\n",
       "\n",
       "    .dataframe thead th {\n",
       "        text-align: right;\n",
       "    }\n",
       "</style>\n",
       "<table border=\"1\" class=\"dataframe\">\n",
       "  <thead>\n",
       "    <tr style=\"text-align: right;\">\n",
       "      <th></th>\n",
       "      <th>survived</th>\n",
       "      <th>pclass</th>\n",
       "      <th>sex</th>\n",
       "      <th>age</th>\n",
       "      <th>sibsp</th>\n",
       "      <th>parch</th>\n",
       "      <th>fare</th>\n",
       "      <th>embarked</th>\n",
       "      <th>deck</th>\n",
       "      <th>embark_town</th>\n",
       "      <th>alone</th>\n",
       "      <th>who_child</th>\n",
       "    </tr>\n",
       "  </thead>\n",
       "  <tbody>\n",
       "    <tr>\n",
       "      <th>0</th>\n",
       "      <td>0</td>\n",
       "      <td>3</td>\n",
       "      <td>1</td>\n",
       "      <td>22.0</td>\n",
       "      <td>1</td>\n",
       "      <td>0</td>\n",
       "      <td>7.2500</td>\n",
       "      <td>0.0</td>\n",
       "      <td>7</td>\n",
       "      <td>2</td>\n",
       "      <td>0</td>\n",
       "      <td>0</td>\n",
       "    </tr>\n",
       "    <tr>\n",
       "      <th>1</th>\n",
       "      <td>1</td>\n",
       "      <td>1</td>\n",
       "      <td>0</td>\n",
       "      <td>38.0</td>\n",
       "      <td>1</td>\n",
       "      <td>0</td>\n",
       "      <td>71.2833</td>\n",
       "      <td>1.0</td>\n",
       "      <td>2</td>\n",
       "      <td>0</td>\n",
       "      <td>0</td>\n",
       "      <td>0</td>\n",
       "    </tr>\n",
       "    <tr>\n",
       "      <th>2</th>\n",
       "      <td>1</td>\n",
       "      <td>3</td>\n",
       "      <td>0</td>\n",
       "      <td>26.0</td>\n",
